tf.Tensor(
[[[[223. 217. 234.]
   [224. 220. 233.]
   [225. 225. 231.]
   ...
   [204. 218. 227.]
   [115. 134. 153.]
   [164. 185. 207.]]

  [[223. 217. 234.]
   [223. 220. 233.]
   [224. 225. 231.]
   ...
   [206. 220. 228.]
   [130. 149. 166.]
   [176. 195. 214.]]

  [[221. 217. 233.]
   [221. 221. 232.]
   [223. 225. 231.]
   ...
   [214. 226. 232.]
   [162. 179. 193.]
   [199. 214. 230.]]

  ...

  [[189. 206. 219.]
   [183. 199. 212.]
   [193. 207. 219.]
   ...
   [205. 207. 207.]
   [205. 207. 207.]
   [205. 207. 207.]]

  [[182. 198. 212.]
   [179. 195. 207.]
   [193. 207. 218.]
   ...
   [204. 206. 206.]
   [205. 207. 207.]
   [205. 207. 207.]]

  [[182. 198. 211.]
   [177. 192. 205.]
   [189. 203. 214.]
   ...
   [204. 206. 206.]
   [205. 207. 207.]
   [205. 207. 207.]]]], shape=(1, 224, 224, 3), dtype=float32)